3.112949803471565247e-02
4.983774386346340179e-03
-6.921920925378799438e-02
-3.561248257756233215e-02
-1.365075446665287018e-02
-2.118208631873130798e-02
-2.385500818490982056e-02
9.045200422406196594e-03
-1.126266121864318848e-01
-5.526109039783477783e-02
-5.746855866163969040e-03
-5.025149509310722351e-02
3.709139069542288780e-03
1.056747213006019592e-01
-1.525557972490787506e-02
1.534037571400403976e-02
-1.506738248281180859e-03
1.127155555877834558e-04
4.084036126732826233e-02
-1.114649139344692230e-02
1.867450475692749023e-01
1.073471736162900925e-02
-1.044577807188034058e-01
6.461806595325469971e-02
2.900069952011108398e-02
-9.438857436180114746e-02
-3.114917548373341560e-03
5.525270104408264160e-02
5.699180439114570618e-02
-3.279755264520645142e-02
3.677225112915039062e-02
2.684192173182964325e-02
5.128701031208038330e-02
-5.524532403796911240e-03
-9.982839971780776978e-02
1.567689776420593262e-01
2.112390100955963135e-02
4.680012911558151245e-02
-2.749571576714515686e-02
-2.925144508481025696e-03
2.051977813243865967e-02
2.544055320322513580e-02
1.090880036354064941e-01
-2.497774548828601837e-03
-1.293442398309707642e-02
6.616732478141784668e-02
4.831071943044662476e-02
-4.054654762148857117e-02
-3.992068022489547729e-02
-4.630753025412559509e-02
3.496656194329261780e-02
-1.697317324578762054e-02
-7.121542468667030334e-03
-8.404202759265899658e-02
3.004279173910617828e-02
-2.577520161867141724e-02
-8.241583406925201416e-02
1.019729021936655045e-02
1.401572767645120621e-02
1.796110719442367554e-02
3.051667474210262299e-02
-2.667299285531044006e-02
-1.650376245379447937e-02
-1.084610633552074432e-02
-2.315855585038661957e-02
1.057162974029779434e-02
-3.485251509118825197e-04
5.024207755923271179e-02
-7.365677040070295334e-03
-6.542081385850906372e-02
-3.224138543009757996e-02
-5.299093946814537048e-02
-3.549955040216445923e-02
-3.174686804413795471e-02
1.825149916112422943e-02
-1.020406465977430344e-02
-8.424558490514755249e-02
7.840184122323989868e-02
7.665937300771474838e-03
2.032728679478168488e-02
-7.062720134854316711e-03
-1.027707010507583618e-01
4.762778431177139282e-02
4.680677875876426697e-02
-2.192720398306846619e-02
-2.403199300169944763e-02
4.946940764784812927e-02
3.181435912847518921e-02
2.816888503730297089e-02
-3.215551143512129784e-03
-3.372879326343536377e-02
8.344005048274993896e-02
2.563923411071300507e-02
-2.158958464860916138e-02
-6.774523109197616577e-02
-3.344117850065231323e-02
1.682652533054351807e-02
5.124124139547348022e-02
-4.030507057905197144e-03
4.871745128184556961e-03
-1.216478925198316574e-02
-5.943838506937026978e-03
3.355506435036659241e-02
6.289666891098022461e-02
-9.745168499648571014e-03
-7.421750575304031372e-03
8.927486836910247803e-03
1.592323370277881622e-02
3.861389681696891785e-02
-3.310485929250717163e-02
-1.781428977847099304e-02
1.445570886135101318e-01
-2.354485681280493736e-03
-2.959952503442764282e-02
5.815912410616874695e-02
-6.163415685296058655e-02
7.103542238473892212e-02
1.948895677924156189e-02
8.360687643289566040e-03
7.831923663616180420e-02
7.830729335546493530e-02
3.505964577198028564e-02
7.831858471035957336e-03
4.953907430171966553e-02
-6.366459187120199203e-03
-9.875806979835033417e-03
-3.480809507891535759e-03
-5.983895156532526016e-03
8.388714492321014404e-02
-7.571914047002792358e-02
4.021054133772850037e-03
4.400725662708282471e-02
4.834051057696342468e-02
4.412830993533134460e-02
-8.953051292337477207e-04
-5.751644447445869446e-02
1.070372983813285828e-01
1.046362742781639099e-01
-1.729424484074115753e-02
1.031160205602645874e-01
8.626748621463775635e-02
7.755437493324279785e-02
2.031939662992954254e-02
8.792589604854583740e-02
-2.294521406292915344e-02
-4.678325355052947998e-02
-7.063988596200942993e-02
1.392175722867250443e-02
-4.312758520245552063e-02
-3.966142423450946808e-03
1.580636715516448021e-03
4.820865765213966370e-02
2.602651342749595642e-02
9.329400025308132172e-03
3.265839070081710815e-02
-2.450636029243469238e-02
-2.889289520680904388e-02
-5.210423842072486877e-02
1.543418318033218384e-01
-1.739536412060260773e-02
-8.627805113792419434e-02
-2.125353552401065826e-03
-7.767709903419017792e-03
1.810835860669612885e-02
2.514832885935902596e-03
1.390929683111608028e-03
2.128797955811023712e-02
-1.113305613398551941e-02
9.568572789430618286e-02
-1.346743386238813400e-02
3.923674672842025757e-02
4.435989633202552795e-02
5.339868739247322083e-02
2.291301824152469635e-02
-3.946650028228759766e-02
4.981371574103832245e-03
-4.173168912529945374e-02
3.012261167168617249e-02
5.401597544550895691e-02
6.595522165298461914e-02
2.531294245272874832e-03
-2.842316031455993652e-02
2.994197793304920197e-02
1.191649585962295532e-01
6.007138639688491821e-02
2.322082594037055969e-02
1.884217560291290283e-02
1.562345866113901138e-02
1.788326539099216461e-02
-1.005789614282548428e-03
-8.448202162981033325e-03
-2.656597876921296120e-03
-8.365937322378158569e-02
7.108364999294281006e-02
3.040630836039781570e-03
7.147531211376190186e-02
-5.687658861279487610e-02
-1.669110730290412903e-02
-1.690181717276573181e-02
1.103469822555780411e-02
-3.255120292305946350e-02
6.745917350053787231e-02
4.382706712931394577e-03
6.938006728887557983e-02
-3.397017717361450195e-02
1.568926312029361725e-02
-2.596502564847469330e-02
-4.879110027104616165e-03
2.376641519367694855e-02
3.599732369184494019e-02
-7.255680859088897705e-02
-3.156690299510955811e-02
-2.427340019494295120e-03
-8.598518557846546173e-03
2.724528685212135315e-02
-1.283750031143426895e-02
2.977441996335983276e-02
1.246580541192088276e-05
1.121895238757133484e-01
-9.187271818518638611e-03
9.698997437953948975e-02
4.582895897328853607e-03
-1.084552612155675888e-02
3.561060130596160889e-02
-1.825750432908535004e-02
-3.450414165854454041e-02
-3.687270730733871460e-02
-5.252477899193763733e-02
-5.352333933115005493e-02
2.957509458065032959e-02
-1.744963787496089935e-02
-5.194133147597312927e-02
-4.533115774393081665e-02
-1.968525350093841553e-03
-3.151040524244308472e-02
8.038452267646789551e-02
6.328055262565612793e-02
1.316322851926088333e-02
1.020408701151609421e-02
4.448499903082847595e-02
8.625444956123828888e-03
4.042466729879379272e-02
1.100941896438598633e-01
-8.591531217098236084e-02
-9.551015682518482208e-03
1.256037801504135132e-01
-6.421727687120437622e-02
4.620865359902381897e-02
-2.993605658411979675e-02
7.577898912131786346e-03
6.073172017931938171e-02
4.239621013402938843e-02
7.453379780054092407e-02
2.405885839834809303e-03
2.063783444464206696e-02
-3.154103178530931473e-03
