-4.051988199353218079e-02
-1.051611453294754028e-01
-1.292543262243270874e-01
-3.242220357060432434e-02
-1.885085925459861755e-02
8.378803613595664501e-04
-9.337530285120010376e-02
-5.339811742305755615e-02
-2.736294269561767578e-02
-1.616968363523483276e-01
9.424994885921478271e-02
-3.584288805723190308e-02
-8.495622873306274414e-02
-5.630532279610633850e-03
5.727445334196090698e-02
-2.042736485600471497e-02
5.064155533909797668e-02
3.012851439416408539e-02
-1.082365307956933975e-02
-1.705270111560821533e-01
-1.584070920944213867e-01
-3.877096995711326599e-02
6.325108557939529419e-02
3.487337008118629456e-02
-3.505919128656387329e-02
2.617662400007247925e-02
3.751745447516441345e-02
-1.213147863745689392e-02
-1.754618287086486816e-01
1.728891953825950623e-02
-1.578329801559448242e-01
6.946226954460144043e-02
-1.182209551334381104e-01
-2.322487719357013702e-02
-8.583829551935195923e-02
-5.622095242142677307e-02
-1.010278388857841492e-01
-1.873029321432113647e-01
-5.565626919269561768e-02
1.796857640147209167e-02
5.243877321481704712e-02
1.070427522063255310e-01
-1.225594356656074524e-01
-1.791072636842727661e-02
-8.532171696424484253e-02
1.291893515735864639e-02
-1.442287303507328033e-02
-2.482938393950462341e-02
6.594368070363998413e-02
-3.449724242091178894e-02
1.782149635255336761e-02
-1.612225025892257690e-01
-1.498659849166870117e-01
8.565425872802734375e-03
-1.297073811292648315e-01
-8.682180941104888916e-02
-1.859845593571662903e-02
-9.707135707139968872e-02
-1.398710757493972778e-01
-4.714637249708175659e-02
4.943604394793510437e-02
-1.738792657852172852e-01
-1.300988346338272095e-01
-8.025944232940673828e-02
