-3.090062644332647324e-03
-1.178453769534826279e-02
-3.369983285665512085e-02
-3.610275220125913620e-03
1.635206118226051331e-02
-2.376655116677284241e-03
-1.473570824600756168e-03
1.444917451590299606e-02
-2.441541105508804321e-02
6.204595416784286499e-02
2.530076541006565094e-02
-8.757210336625576019e-03
-3.269403427839279175e-02
1.303195371292531490e-03
5.841932818293571472e-02
6.101344898343086243e-02
1.087150350213050842e-01
-8.092204108834266663e-03
5.932686850428581238e-02
-2.016986533999443054e-02
8.130388706922531128e-02
1.408569216728210449e-01
-5.823680385947227478e-02
-4.533629864454269409e-02
-1.813394390046596527e-02
4.672518000006675720e-02
8.803431876003742218e-03
1.583881489932537079e-02
-2.066787146031856537e-02
-1.040598284453153610e-02
8.059162646532058716e-03
3.746507316827774048e-02
-4.025189951062202454e-02
-1.601601392030715942e-02
-4.901118949055671692e-02
-2.837373316287994385e-02
-3.194497153162956238e-02
2.854366600513458252e-02
5.831244960427284241e-02
1.260755509138107300e-01
1.045169308781623840e-02
1.047345623373985291e-01
-9.345190599560737610e-03
-2.352020516991615295e-02
-1.249576453119516373e-03
1.255230978131294250e-03
1.145165134221315384e-02
-7.172332145273685455e-03
4.991988465189933777e-02
-1.188971102237701416e-02
-2.741605974733829498e-02
-2.044879645109176636e-02
-9.583049453794956207e-03
-3.495952987577766180e-04
2.357444167137145996e-02
1.216803211718797684e-03
-1.690165884792804718e-02
4.857759177684783936e-02
-3.465618565678596497e-02
1.409222744405269623e-02
5.814668163657188416e-02
-3.578107059001922607e-02
6.980764865875244141e-02
-5.187346786260604858e-02
-5.400044471025466919e-02
-2.104769647121429443e-02
6.003080680966377258e-02
-2.479613944888114929e-02
2.751774154603481293e-02
1.072858348488807678e-01
-2.276973985135555267e-02
-8.328263647854328156e-03
2.360927872359752655e-02
-1.040018163621425629e-02
7.127005606889724731e-02
-2.009661681950092316e-02
6.721631437540054321e-02
1.364429742097854614e-01
-1.503331400454044342e-02
1.378071587532758713e-02
8.008807897567749023e-03
1.084981039166450500e-01
1.084160655736923218e-01
5.378035828471183777e-02
7.071871310472488403e-02
9.926889836788177490e-02
-5.311631783843040466e-02
-7.886562496423721313e-03
2.818045951426029205e-02
4.334600269794464111e-02
1.785465627908706665e-01
5.422738566994667053e-02
8.998090401291847229e-03
-3.253121301531791687e-02
-2.708950545638799667e-03
4.287024587392807007e-02
1.726927459239959717e-01
6.801941432058811188e-03
-2.992344647645950317e-02
6.856596563011407852e-03
-2.887502498924732208e-02
9.630083292722702026e-02
4.744191840291023254e-02
5.578527599573135376e-02
-1.400863751769065857e-02
-1.617992110550403595e-02
-4.111682251095771790e-02
-3.604237735271453857e-02
1.180988997220993042e-01
-1.052524056285619736e-02
-4.629940167069435120e-02
2.896671369671821594e-02
5.983493477106094360e-02
4.857036843895912170e-02
-4.103271663188934326e-02
4.393337666988372803e-02
9.501613676548004150e-02
3.074063919484615326e-02
-3.596889600157737732e-02
1.199449449777603149e-01
6.032948847860097885e-03
9.281899780035018921e-02
-2.858653850853443146e-02
-2.969137020409107208e-02
-4.560545785352587700e-04
2.449425682425498962e-02
-3.020267235115170479e-03
-6.362974178045988083e-03
-3.878381475806236267e-02
-1.104204077273607254e-02
3.372931852936744690e-03
4.220305755734443665e-02
-4.211992025375366211e-02
2.243788912892341614e-03
1.756973564624786377e-02
3.477143496274948120e-02
1.037383005023002625e-01
3.599893674254417419e-02
3.565167635679244995e-02
-1.256957091391086578e-02
1.502539217472076416e-01
6.947480142116546631e-03
1.144984550774097443e-02
-4.710517078638076782e-02
1.654508896172046661e-02
7.426151633262634277e-02
5.060507450252771378e-03
-7.463278248906135559e-03
1.074389088898897171e-02
-4.401865974068641663e-02
2.261509560048580170e-02
1.587081328034400940e-02
-5.284268781542778015e-02
6.960285454988479614e-02
6.859948392957448959e-03
7.122966647148132324e-02
7.539373822510242462e-03
-2.460152842104434967e-02
5.297743156552314758e-02
9.645372629165649414e-02
8.487172424793243408e-03
-1.212063711136579514e-03
-2.047170139849185944e-02
-3.926626592874526978e-02
6.058527529239654541e-02
1.885344460606575012e-02
-1.463768538087606430e-02
6.723453849554061890e-02
-1.211923733353614807e-02
1.824056543409824371e-02
-4.751454666256904602e-02
-1.922933012247085571e-02
1.484679989516735077e-02
-4.520292207598686218e-02
5.249454081058502197e-02
-1.724946312606334686e-02
9.893718361854553223e-02
5.073416978120803833e-03
8.992866612970829010e-03
2.408113330602645874e-02
6.083876639604568481e-02
-1.430416479706764221e-03
2.055526338517665863e-02
-5.223802104592323303e-02
-4.039829969406127930e-02
-1.561540085822343826e-02
2.714234031736850739e-02
3.131662681698799133e-02
1.551965810358524323e-02
8.484132587909698486e-03
-1.825193688273429871e-02
8.316749334335327148e-02
1.144471019506454468e-01
5.925065279006958008e-02
-2.862571179866790771e-02
-2.175899408757686615e-02
4.586014896631240845e-02
1.302972733974456787e-01
2.376390062272548676e-02
-1.608376950025558472e-02
2.540654316544532776e-02
-4.599092155694961548e-02
-1.027530338615179062e-02
2.786503732204437256e-02
6.377208232879638672e-02
-8.476642891764640808e-03
5.634314846247434616e-03
-2.315225079655647278e-03
-1.248476561158895493e-02
4.824488237500190735e-02
3.776710852980613708e-02
7.583946455270051956e-03
1.011825501918792725e-01
2.587326429784297943e-02
1.404154151678085327e-01
1.626964472234249115e-02
-2.581376768648624420e-02
-1.349687296897172928e-02
7.035198807716369629e-02
7.070948369801044464e-03
-1.156486943364143372e-02
-1.645490410737693310e-03
-4.886863380670547485e-02
-2.554615586996078491e-02
-2.882426604628562927e-02
7.751917093992233276e-02
3.704559756442904472e-03
8.221561461687088013e-02
3.149491548538208008e-02
-3.032898716628551483e-02
-3.820110112428665161e-02
1.425937712192535400e-01
1.418153941631317139e-02
-8.306706324219703674e-03
-8.296657353639602661e-03
1.059472281485795975e-02
-2.088185399770736694e-02
-8.356077969074249268e-02
1.178716775029897690e-02
-1.468587899580597878e-03
-2.859992161393165588e-02
2.861180715262889862e-02
-3.475508885458111763e-03
-4.461614042520523071e-02
-2.625339105725288391e-02
2.815773896872997284e-02
-1.635250262916088104e-02
-6.141147576272487640e-03
-1.441567856818437576e-02
1.651218980550765991e-01
-5.872277915477752686e-02
-3.136756643652915955e-02
-5.227690096944570541e-03
1.052441149950027466e-01
5.373524501919746399e-02
2.037276135524734855e-04
