-1.777138933539390564e-02
9.556821547448635101e-03
-4.137121886014938354e-02
1.088874181732535362e-03
-5.914540588855743408e-02
1.674919039942324162e-03
-2.222073450684547424e-02
-4.179856926202774048e-02
-4.060891643166542053e-02
2.113129710778594017e-03
-2.776692807674407959e-02
3.008629754185676575e-02
-8.128788322210311890e-04
-3.012679331004619598e-02
-4.380055237561464310e-03
8.888215571641921997e-02
-4.509765713009983301e-04
-9.698539972305297852e-02
-4.341033101081848145e-02
-3.851126879453659058e-02
-5.888884887099266052e-02
-2.678892016410827637e-02
1.458117156289517879e-03
-2.546626143157482147e-02
3.892941772937774658e-02
-2.188449539244174957e-02
7.979981601238250732e-03
-2.794177504256367683e-03
-3.437227755784988403e-02
-3.822528198361396790e-02
-2.771951816976070404e-02
-1.925100199878215790e-02
-4.312784224748611450e-02
-8.379572071135044098e-03
-6.108636781573295593e-02
-6.429517269134521484e-02
-4.581465199589729309e-02
-9.663194417953491211e-03
-1.009912230074405670e-02
-2.167351543903350830e-02
2.134772017598152161e-02
-6.373233348131179810e-02
-2.959911152720451355e-02
1.993810199201107025e-02
8.264437317848205566e-02
-4.619157686829566956e-02
-1.034304033964872360e-02
-2.081873267889022827e-02
-1.337668672204017639e-02
-5.569105595350265503e-02
-1.975476508960127831e-03
2.465656585991382599e-02
-6.151002272963523865e-02
-5.093177780508995056e-02
-1.254646852612495422e-02
-2.022194676101207733e-02
-2.582189440727233887e-02
1.054456457495689392e-02
-1.776862889528274536e-02
-2.506426349282264709e-02
-2.713046036660671234e-02
-4.798157606273889542e-04
1.169880386441946030e-02
-6.218086462467908859e-03
1.605172306299209595e-01
4.715657979249954224e-02
-3.994236234575510025e-03
2.189544262364506721e-03
-6.889148149639368057e-03
-4.232855886220932007e-02
-3.644767403602600098e-02
-2.628008835017681122e-02
-4.322662204504013062e-02
-2.394036157056689262e-03
-2.052968181669712067e-02
-2.080435398966073990e-03
-1.073183212429285049e-02
1.424286863766610622e-03
-2.426628395915031433e-02
5.794343538582324982e-03
2.627452369779348373e-03
-4.051036760210990906e-02
-1.176160294562578201e-02
-6.712922453880310059e-02
-7.057326287031173706e-02
7.278411090373992920e-02
-5.265639163553714752e-03
-4.334024339914321899e-02
-1.614779233932495117e-02
-2.219701744616031647e-02
-3.811614960432052612e-02
-5.410439893603324890e-02
3.699728101491928101e-02
-3.602664172649383545e-02
-4.553434252738952637e-02
5.381801724433898926e-02
1.222961321473121643e-01
-1.849708706140518188e-02
-5.648692324757575989e-02
-2.583032660186290741e-02
6.117041339166462421e-04
-1.151093095541000366e-01
-3.858593851327896118e-02
-3.593030944466590881e-02
-1.201008097268640995e-03
-3.130804747343063354e-02
-5.892077460885047913e-02
-1.221729093231260777e-03
4.499171860516071320e-03
-6.952280178666114807e-03
8.352082967758178711e-02
8.506328449584543705e-04
-4.474623873829841614e-02
-1.353006623685359955e-02
-5.258321762084960938e-03
-4.605204612016677856e-02
2.834186702966690063e-02
9.410890750586986542e-03
2.519121393561363220e-03
-2.697295695543289185e-02
-1.559505891054868698e-02
2.453845227137207985e-03
-5.213885009288787842e-02
-3.966123238205909729e-02
-8.013283461332321167e-02
-2.610587142407894135e-02
1.441160440444946289e-01
-1.871497184038162231e-02
-1.804278790950775146e-02
-1.186538394540548325e-02
1.055521741509437561e-01
-4.296264424920082092e-02
-1.251665689051151276e-02
7.942904531955718994e-02
4.734409973025321960e-02
-4.490374773740768433e-02
-4.392132163047790527e-02
-4.357156902551651001e-02
3.669467568397521973e-02
5.946681369096040726e-03
3.038236126303672791e-02
-6.659781187772750854e-02
-1.866958476603031158e-02
-2.127879671752452850e-02
-1.214858889579772949e-02
1.354250907897949219e-01
-1.680674403905868530e-02
-7.293990254402160645e-02
-2.659667097032070160e-02
-3.190703317523002625e-02
-6.703041028231382370e-03
-2.645857818424701691e-02
-1.736817881464958191e-02
-9.088753722608089447e-03
-1.273302733898162842e-02
-4.016166925430297852e-02
-2.441208064556121826e-02
-6.804691255092620850e-02
9.651057422161102295e-02
1.979782973648980260e-04
2.169622341170907021e-03
-2.081922441720962524e-02
-1.812734268605709076e-02
-1.592898368835449219e-02
-1.002300530672073364e-02
1.465320005081593990e-03
9.866291284561157227e-02
6.242530047893524170e-02
-4.541067034006118774e-02
-5.899511277675628662e-03
-5.278309062123298645e-02
-1.421593944542109966e-03
8.908730745315551758e-02
-4.344407003372907639e-03
-6.245360150933265686e-02
1.032315008342266083e-02
-3.314942121505737305e-02
8.801784366369247437e-02
-3.657833486795425415e-02
-4.994879662990570068e-02
6.701981648802757263e-03
-3.173272684216499329e-02
-4.564027115702629089e-02
1.311920881271362305e-01
-2.787733823060989380e-02
-1.263005752116441727e-02
-9.375773370265960693e-03
7.099640555679798126e-03
-4.287350922822952271e-02
-5.705413874238729477e-03
-3.813909366726875305e-02
-2.349323779344558716e-02
