-5.773223470896482468e-03
1.449786126613616943e-01
5.692332237958908081e-02
-1.305853389203548431e-02
2.151167951524257660e-02
5.646839365363121033e-02
-1.743147522211074829e-02
4.386824369430541992e-02
-1.840439625084400177e-02
3.701957315206527710e-02
-2.929256483912467957e-02
-1.776816695928573608e-02
-4.250814765691757202e-02
9.102606028318405151e-02
-3.301124647259712219e-02
-9.615262039005756378e-03
-3.075534477829933167e-02
-1.308920513838529587e-02
-7.239691913127899170e-02
-1.071587763726711273e-02
-4.363725427538156509e-03
-6.915338337421417236e-03
-3.240735828876495361e-02
-2.614180184900760651e-02
-2.096555382013320923e-02
-5.975263193249702454e-02
-6.385764479637145996e-02
3.651273204013705254e-03
-6.812746636569499969e-03
8.736803382635116577e-02
1.429006922990083694e-02
8.279824629426002502e-03
-2.706529386341571808e-02
-1.264343410730361938e-02
-2.445675991475582123e-02
-3.342481702566146851e-02
-2.291582152247428894e-02
-3.047196939587593079e-02
9.233441948890686035e-02
-2.196173556149005890e-02
-6.179182603955268860e-02
-9.648524224758148193e-03
1.403259695507586002e-03
8.576719462871551514e-02
-1.061473507434129715e-03
1.337803900241851807e-01
-6.355287972837686539e-03
2.614169614389538765e-03
6.330690532922744751e-02
-2.904755622148513794e-02
-6.065357476472854614e-03
4.867439623922109604e-03
5.902170017361640930e-02
-4.673470556735992432e-02
2.176402695477008820e-02
-1.812379778129979968e-04
-3.924228623509407043e-02
7.845021784305572510e-02
-2.044437266886234283e-02
-6.759092211723327637e-03
2.499931864440441132e-02
-1.310220360755920410e-02
-1.901703700423240662e-02
8.543255180120468140e-02
-3.114857524633407593e-02
-9.941353462636470795e-03
-3.831002488732337952e-02
-2.655092440545558929e-02
8.050467073917388916e-02
-6.967626977711915970e-03
-3.163156658411026001e-02
-5.349251441657543182e-03
-1.399728283286094666e-02
-8.130631409585475922e-03
-1.007124898023903370e-03
8.986924588680267334e-02
-4.628871753811836243e-02
-4.465377703309059143e-02
7.839763164520263672e-02
3.470093756914138794e-02
4.771371558308601379e-02
-4.952642321586608887e-02
-1.559332199394702911e-02
-1.097666919231414795e-01
-4.129961878061294556e-02
9.905496239662170410e-02
-4.291697405278682709e-03
-5.579401552677154541e-02
2.728201635181903839e-02
-2.385182864964008331e-02
-4.269782081246376038e-02
-7.015951909124851227e-03
-2.808914892375469208e-02
-2.263600192964076996e-02
-1.743717864155769348e-02
-2.619384042918682098e-02
-3.387596225365996361e-03
8.073484897613525391e-02
-5.077824741601943970e-02
5.699024721980094910e-02
-3.259710865677334368e-05
1.666688732802867889e-02
-3.768188180401921272e-03
-4.322518035769462585e-02
-2.649527229368686676e-02
-5.070265848189592361e-03
9.758597612380981445e-02
-3.332051634788513184e-02
-6.993338000029325485e-03
1.025022044777870178e-01
1.590915210545063019e-02
-4.219145327806472778e-02
7.067858427762985229e-02
-1.603871025145053864e-02
6.906262040138244629e-02
5.404509231448173523e-02
1.483531147241592407e-01
-3.365271026268601418e-03
4.138882458209991455e-02
-4.021897539496421814e-02
-2.599236555397510529e-02
-3.824214451014995575e-03
-3.291413560509681702e-02
-6.005863193422555923e-03
1.409601718187332153e-01
7.411646656692028046e-03
-7.532642781734466553e-02
8.169219642877578735e-02
-4.131041467189788818e-03
-4.120496567338705063e-03
-5.980251356959342957e-02
-5.022348091006278992e-02
-3.200384974479675293e-02
-2.986194938421249390e-02
-1.417621970176696777e-02
-2.821343019604682922e-03
-2.738111838698387146e-02
-3.980878368020057678e-02
-6.151066347956657410e-02
-4.992648586630821228e-02
-2.917320653796195984e-02
6.262727826833724976e-02
3.387729078531265259e-02
7.141065597534179688e-02
1.045745834708213806e-01
-5.905837193131446838e-02
-1.725846901535987854e-02
-7.057363633066415787e-03
-6.113660335540771484e-02
1.162587255239486694e-01
6.683959811925888062e-02
-1.509650982916355133e-02
-5.016425251960754395e-02
7.887431234121322632e-02
-9.610775858163833618e-03
1.457859277725219727e-01
-6.158496811985969543e-02
-2.359116636216640472e-02
-2.392184687778353691e-03
-4.087982699275016785e-03
5.523260682821273804e-02
4.851677920669317245e-03
5.066200718283653259e-02
-2.568512596189975739e-02
-3.075207956135272980e-02
-2.972137182950973511e-02
-3.654637560248374939e-02
-5.518151819705963135e-02
-4.171597212553024292e-02
-5.183162167668342590e-02
-4.398633725941181183e-03
-3.272849321365356445e-02
-9.007901884615421295e-03
-2.237322274595499039e-03
3.544447571039199829e-02
-1.066136080771684647e-02
-1.589349284768104553e-02
-2.410783991217613220e-02
8.801727741956710815e-02
1.090107858180999756e-01
1.894322969019412994e-02
-6.087986752390861511e-02
-3.176933526992797852e-02
-4.376225173473358154e-03
3.510436788201332092e-02
-2.568034222349524498e-03
-3.818269073963165283e-02
-2.353197522461414337e-02
-1.234248001128435135e-02
6.919269263744354248e-02
-3.929664380848407745e-03
-3.630118072032928467e-02
-4.096457734704017639e-02
9.520466625690460205e-02
-9.756996878422796726e-04
9.719733148813247681e-02
-1.551320683211088181e-02
-6.254696846008300781e-02
-3.481754288077354431e-02
-2.034446923062205315e-03
-7.479085773229598999e-02
-5.781645886600017548e-03
7.659726776182651520e-03
1.936778612434864044e-02
-1.659973897039890289e-02
7.704754918813705444e-02
-6.583855301141738892e-02
-1.912754215300083160e-02
-2.652268484234809875e-02
-1.884958706796169281e-02
-5.487414076924324036e-03
6.166289374232292175e-02
8.294575661420822144e-02
-1.988133974373340607e-02
-1.570165529847145081e-02
-7.616900652647018433e-02
-6.384433247148990631e-03
1.114023178815841675e-01
-2.023176784859970212e-04
-7.408040761947631836e-02
1.047047078609466553e-01
-3.759052231907844543e-02
1.194916516542434692e-01
8.175496011972427368e-02
8.041008550208061934e-05
4.214105755090713501e-02
1.384693104773759842e-02
5.762582644820213318e-02
-3.661487996578216553e-02
5.146517232060432434e-02
6.118953600525856018e-02
-6.142656784504652023e-03
6.676236540079116821e-02
8.085628598928451538e-02
5.834953114390373230e-02
-2.940207161009311676e-02
6.128048151731491089e-02
-2.573448233306407928e-02
-4.440326616168022156e-02
6.340651214122772217e-02
-2.315646968781948090e-02
9.969247132539749146e-02
-2.584300190210342407e-02
-4.333997145295143127e-02
-2.221916988492012024e-02
-6.083032581955194473e-03
-3.037348575890064240e-02
-2.829775214195251465e-02
-3.360749036073684692e-02
-5.697217583656311035e-02
6.434773560613393784e-03
-1.036871038377285004e-02
4.561654478311538696e-02
-6.009396165609359741e-03
8.599403500556945801e-02
-3.477058559656143188e-02
-2.517460472881793976e-02
-4.996269568800926208e-02
-7.760798092931509018e-03
-3.053916990756988525e-02
-3.778680041432380676e-02
-2.411234378814697266e-02
-2.042660862207412720e-02
-3.220484405755996704e-02
-1.502942387014627457e-02
-1.210240088403224945e-02
5.606869235634803772e-02
-2.132981829345226288e-02
1.380815953016281128e-01
-1.555610448122024536e-03
7.304112659767270088e-04
-9.742539259605109692e-04
-2.002722350880503654e-03
-3.905696421861648560e-02
-5.003572255373001099e-02
4.923375695943832397e-02
8.222149312496185303e-02
-2.061144914478063583e-03
-3.200034424662590027e-02
-5.612410232424736023e-02
7.596524804830551147e-02
3.533057752065360546e-04
-2.130146138370037079e-02
-1.426007482223212719e-03
5.491990223526954651e-02
1.969582028687000275e-02
1.314230263233184814e-01
-2.569711767137050629e-02
-2.908377535641193390e-02
2.661579288542270660e-02
-4.656075965613126755e-03
-6.053145509213209152e-03
1.000621393322944641e-01
-2.107444917783141136e-03
-4.404249787330627441e-02
-2.487942203879356384e-02
-2.747765928506851196e-02
1.226167455315589905e-01
1.301550120115280151e-02
9.204033762216567993e-02
-3.800845518708229065e-02
-2.952548302710056305e-02
9.860765188932418823e-02
-7.003042846918106079e-02
-2.508633583784103394e-02
-1.129445247352123260e-02
-2.794244885444641113e-02
4.519766196608543396e-02
-2.047584205865859985e-02
-1.119219046086072922e-02
-4.657783731818199158e-02
-2.953245118260383606e-02
-2.786788158118724823e-02
-2.768208086490631104e-02
-1.314883306622505188e-02
1.862108591012656689e-03
-4.995444789528846741e-02
-4.347985982894897461e-02
-1.501564588397741318e-02
-6.029503047466278076e-02
-1.109192427247762680e-02
-4.372801631689071655e-02
-2.819872833788394928e-02
-2.996223233640193939e-02
-3.057787753641605377e-02
-4.601663723587989807e-02
-2.117480384185910225e-03
-1.443119626492261887e-02
9.331881254911422729e-02
9.396404959261417389e-03
3.541921824216842651e-02
-2.365476684644818306e-03
-2.898103184998035431e-02
3.108902135863900185e-03
-3.381108120083808899e-02
8.533215522766113281e-02
-4.230306670069694519e-02
9.348813444375991821e-02
-2.307395264506340027e-02
3.389620408415794373e-02
-3.846698626875877380e-02
-6.317999958992004395e-02
4.942789301276206970e-02
-1.762382872402667999e-02
-1.824516803026199341e-02
-2.078972943127155304e-02
-1.860473770648241043e-03
6.181289255619049072e-02
-4.654414206743240356e-02
-6.126671284437179565e-02
-1.452965941280126572e-02
-4.139140248298645020e-02
-1.847623288631439209e-02
7.412902265787124634e-02
-2.496537007391452789e-02
-3.094076737761497498e-02
1.230572462081909180e-01
3.789764642715454102e-02
7.209849357604980469e-02
-1.841871067881584167e-03
4.536264017224311829e-02
-4.528575763106346130e-02
-3.245179355144500732e-02
6.198718398809432983e-02
6.780555099248886108e-02
-2.415602654218673706e-02
-2.364934608340263367e-02
7.413908839225769043e-02
1.383123248815536499e-01
-2.307591401040554047e-02
-2.692610584199428558e-02
-4.875693470239639282e-02
4.993705451488494873e-02
6.349910050630569458e-02
2.609473653137683868e-03
1.245950087904930115e-01
-2.923791669309139252e-02
-2.669191453605890274e-03
-7.675743848085403442e-02
7.968769222497940063e-02
-4.191305860877037048e-02
9.079392254352569580e-02
-4.663365334272384644e-02
-2.022259123623371124e-02
