1.373577862977981567e-02
-2.837444245815277100e-01
-1.992499232292175293e-01
-4.396750126034021378e-03
1.029207557439804077e-02
-2.838125266134738922e-02
-1.395344175398349762e-02
-4.561380296945571899e-02
-1.342719770036637783e-03
-3.857989236712455750e-02
-8.141751587390899658e-02
-4.318355768918991089e-02
5.646951030939817429e-03
-8.156221359968185425e-03
-2.746859937906265259e-02
-1.162520349025726318e-01
-1.023706644773483276e-01
-6.877648085355758667e-02
-1.435969024896621704e-01
1.413319446146488190e-02
-1.123614683747291565e-01
-8.090202510356903076e-02
-7.216633856296539307e-02
-1.379457116127014160e-02
-6.864467263221740723e-02
-1.573800109326839447e-02
-1.419306993484497070e-01
-9.941950440406799316e-03
-1.076493933796882629e-01
-9.223381057381629944e-03
-5.681930482387542725e-02
-7.213796675205230713e-02
-1.361743807792663574e-01
-9.545221179723739624e-02
-1.208209712058305740e-02
-7.084347307682037354e-03
1.454146672040224075e-02
-4.865771532058715820e-02
1.423791889101266861e-02
-1.916782259941101074e-01
-4.048207309097051620e-03
-3.396934270858764648e-02
1.707925694063305855e-04
1.745748333632946014e-02
-2.567980904132127762e-03
-9.687790274620056152e-02
-1.256768777966499329e-02
-1.137551851570606232e-02
7.033793628215789795e-02
-2.155790105462074280e-02
-9.206390380859375000e-02
-1.095938612706959248e-03
-1.585952378809452057e-02
-4.869231209158897400e-02
9.517223224975168705e-04
-1.013594344258308411e-01
-9.813200682401657104e-02
-7.584158796817064285e-03
-2.815671078860759735e-02
-7.963646948337554932e-02
1.254615606740117073e-03
-2.315360158681869507e-01
-1.394869685173034668e-01
-4.105310142040252686e-02
